1
43
0 ALKAID	 4 1
1 ALIOTH	 5 2
2 MEGREZ 5 3
3 DUBHE 6 5
4 M110 7 7
5 MUSCIDA 8 8
6 M108 6 7
7 M109 5 8
8 TALITHA 5 9
9 MERAK 4 6
10 PHECDA 3 4
11 M106 2 5
12 TANIA_AUSTRALIS 2 6
13 TANIA_BOREALIS 3 8
14 ALULA_AUSTRALIS 1 6
15 ALULA_BOREALIS 0 6
16 ALPHA 8 6
17 BETA 7 4
18 GAMMA 8 3
19 DELTA 10 4
20 EPSILON 12 5
21 ZETA 13 3
22 ETA 11	1
23 THETA 11 3
24 IOTA 10 1
25 KAPPA 10 0
26 LAMBDA 12 0
27 PHERKAD 10 7
28 KOCHAD 11 7
29 L121 11	8
30 L122 10 8
31 L123 12 9
32 POLARIS 12 10
33 SEGIN	 14 10
34 RUCHBAH 15 9
35 CAS 15	 8
36 SHEDIR 17 7
37 CAPH 16 6
38 ALRAI 14 5
39 ALFIRK 15 3
40 IOCEP 16 4
41 DZECEP 17 3
42 ALDERAMIIN 16	2
68
0 0 1
1 1 0
2 1 2
3 2 1
4 2 3
5 3 4
6 4 3
7 4 5
8 5 4
9 4 6
10 6 4
11 6 7
12 7 6
13 8 7
14 3 9
15 9 10
16 10 2
17 10 11
18 11 10
19 12 11
20 12 13
21 13 12
22 11 14
23 14 11
24 14 15
25 15 14
26 16 17
27 17 16
28 17 18
29 18 17
30 18 19
31 19 18
32 19 20
33 20 21
34 21 22
35 19 23
36 23 22
37 22 24
38 24 25
39 25 26
40 26 22
41 27 28
42 28 27
43 28 29
44 29 28
45 27 30
46 30 27
47 30 29
48 29 31
49 31 29
50 31 32
51 32 31
52 33 34
53 34 33
54 34 35
55 35 34
56 35 36
57 36 35
58 36 37
59 37 36
60 38 39
61 39 38
62 38 40
63 40 38
64 39 40
65 40 41
66 41 42
67 42 39


