0
52
0 A 1 0
1 B 2 0
2 C 4 1
3 D 3 2
4 E 5 1
5 F 5 2
6 G 3 4
7 H 6 6
8 I 4 10
9 J 3 6
10 K 3 5
11 L 1 4
12 M 0 2
13 N 7 2
14 O 7 3
15 P 8 4
16 Q 9 3
17 R 10 4
18 S 7 6
19 T 9 6
20 U 9 9
21 V 10 9
22 W  12 6
23 X 11 5
24 Y 12 4
25 Z 13 6
26 AA 14 4
27 AB 16 6
28 AC 17 4
29 AD 16 3
30 AE 18 0
31 AF 10 0
32 AG 9 1
33 AH 10 1
34 AI 15 6
35 AJ 16 7
36 AK 15 7
37 AL 17 7
38 AM 18 8
39 AN 17 10
40 AO 16 10
41 AP 14 9
42 AQ 14 8
43 AR 4 2
44 AS 18 2
45 AT 17 3
46 AU 18 3
47 AV 4 7
48 AW 1 3
49 AX 7 0
50 AY 6 1
51 AZ 7 1
60
0 0 1
1 1 2
2 2 3
3 3 43
4 43 4
5 4 5
6 5 6
7 6 7
8 7 8
9 8 47
10 47 9
11 9 10
12 10 11
13 11 48
14 48 12
15 12 0
16 34 35
17 35 36
18 34 36
19 44 45
20 45 46
21 44 46
22 37 38
23 38 39
24 39 40
25 40 41
26 41 42
27 42 37
28 13 14
29 14 15
30 15 16
31 16 17
32 17 18
33 18 19
34 19 20
35 20 21
36 21 22
37 22 23
38 23 24
39 24 25
40 25 26
41 26 27
42 27 28
43 28 29
44 29 30
45 30 31
46 31 32
47 32 33
48 33 13
49 11 6
50 3 12
51 9 7
52 17 24
53 16 33
54 33 29
55 24 26
56 26 29
57 49 50
58 50 51
59 51 49