0 3.000 0.188 0.269 0.017 0.001 0.013
1 3.000 0.188 0.256 0.016 0.001 0.015
2 2.000 0.125 0.095 0.006 0.001 0.010
3 4.000 0.250 0.246 0.015 0.001 0.011
4 8.000 0.500 0.539 0.034 0.001 0.017
5 4.000 0.250 0.320 0.020 0.001 0.015
6 2.000 0.125 0.166 0.010 0.001 0.012
7 3.000 0.188 0.133 0.008 0.001 0.011
8 3.000 0.188 0.178 0.011 0.001 0.013
9 3.000 0.188 0.232 0.014 0.001 0.012
10 4.000 0.250 0.309 0.019 0.001 0.013
11 5.000 0.312 0.351 0.022 0.001 0.012
12 2.000 0.125 0.075 0.005 0.001 0.010
13 3.000 0.188 0.112 0.007 0.001 0.010
14 3.000 0.188 0.134 0.008 0.001 0.010
15 2.000 0.125 0.122 0.008 0.001 0.010
16 0.000 0.000 0.000 0.000 inf inf

