0 3.000 0.188 0.255 0.016 0.001 0.013
1 3.000 0.188 0.247 0.015 0.001 0.014
2 2.000 0.125 0.103 0.006 0.001 0.010
3 4.000 0.250 0.247 0.015 0.001 0.012
4 8.000 0.500 0.543 0.034 0.001 0.016
5 4.000 0.250 0.304 0.019 0.001 0.016
6 2.000 0.125 0.160 0.010 0.001 0.016
7 3.000 0.188 0.148 0.009 0.001 0.011
8 3.000 0.188 0.181 0.011 0.001 0.013
9 3.000 0.188 0.230 0.014 0.001 0.018
10 4.000 0.250 0.309 0.019 0.001 0.024
11 5.000 0.312 0.346 0.022 0.002 0.031
12 2.000 0.125 0.086 0.005 0.001 0.019
13 3.000 0.188 0.128 0.008 0.002 0.026
14 3.000 0.188 0.148 0.009 0.003 0.043
15 3.000 0.188 0.140 0.009 0.005 0.080
16 1.000 0.062 0.037 0.002 0.005 0.080

